40810204106 2 0
80810204086 2 1
40810204282 2 2
40820204182 6 2
40830208082 2 1
41810208082 2 2
42810204082 6 1
c0810204102 2 1
c1010204082 3 1
140810204082 4 2
40810204101 3 1
40810404103 4 2
41010204103 5 2
80810204103 5 1
40810404301 3 1
80810204301 3 2
40810604201 2 0
40830204201 2 2
40830208101 2 1
c0820204101 2 0
c1010204101 3 2
140810204101 2 1
41010208083 6 0
40810208281 2 0
41010218081 3 2
42810208081 3 0
81810208081 2 2
40810404085 5 0
40810804181 4 0
41810804081 4 0
c1010404081 4 2
140810404081 3 0
40820204281 5 0
80820204181 6 2
4102020c081 6 1
8082020c081 6 1
40860204101 5 2
42820204081 6 0
41010204081 5 1
41010204085 6 1
81010204083 6 1
4201020c081 6 2
42010604081 6 0
43010204082 3 2
43010404081 5 1
80810204085 4 2
80810204281 2 1
82810204081 6 2
180810204082 6 1
181010204081 6 0
4082020409a 4 2
4101020409a 4 0
8081020409a 6 2
4081020428a 2 1
4081040418a 4 1
4082020c08a 3 3
c082020408a 4 2
c101020408a 6 0
4101020410e 1 1
8081020808e 4 2
40810228086 4 0
41030208086 3 0
80830208086 5 2
41810210086 3 0
140810208086 4 1
8081040c086 6 0
41010c04086 5 0
80810c04086 2 2
140810404086 3 0
4084020408e 1 2
4102020408e 1 0
41020204186 4 0
40820214086 3 0
4102020c086 7 0
8082020c086 3 2
40840604086 5 2
40860204106 5 2
c1020204086 4 1
140820204086 4 2
4201020408e 1 0
8101020408e 1 1
4201020c086 6 2
8101020c086 4 1
4301020408a 4 2
45010204086 6 0
141010204086 6 0
80810214086 3 0
80850204086 5 0
101810204086 7 2
180810208086 3 0
180820204086 5 0
4101020418c 5 2
40810204584 1 1
80810204384 2 4
40810214184 3 0
4081040c184 2 0
4082020c184 5 0
40810604284 5 3
40810608184 1 2
40830404184 2 1
80830204184 5 3
42810204184 6 2
81810204184 1 2
c0810204284 2 1
c0810404184 2 0
c1010204184 6 2
40810204684 5 3
40810204a82 5 2
40820204682 6 2
41010204682 5 3
80810204682 5 3
4082020c282 2 1
4101020c282 5 1
8081020c282 2 1
40810608282 4 3
40820604282 4 1
41010604282 4 3
80810604282 5 1
40830204482 5 0
40850204282 2 2
41810204482 6 1
c0810208282 2 1
c0820204282 2 1
c1010204282 2 2
140810204282 2 1
40820608182 4 3
40830408182 2 2
40850208182 5 1
c0820208182 3 1
c1010208182 6 0
4082040c182 3 1
4101040c182 3 0
140810404182 2 1
42820204182 6 2
4201020c182 6 1
42010604182 4 3
42030204182 2 3
101810204182 7 2
180810204184 1 2
4081021408c 3 0
4082060c084 4 3
4083020c104 6 3
4281020c084 6 0
c081020c104 3 0
c082020c084 5 0
c101020c084 6 2
14081020c084 3 3
4081060c202 2 2
4082060c102 5 2
4083040c102 3 0
8083020c102 3 4
4281020c102 3 3
40810254082 4 1
40820614082 3 0
c0810414082 4 1
c1010214082 3 1
4081140c082 3 3
41010c0c082 4 5
4085040c082 5 0
4103040c082 3 0
4281040c082 3 0
4084021c082 5 3
40860214082 3 2
4201021c082 6 3
4201060c082 3 0
8103020c082 5 4
10181020c082 3 3
180810214082 3 0
18082020c082 3 2
40830610082 3 0
41810610082 6 2
40851418305 5 1   # learned from 4,4,3,5,2,1,4,3,5,2,1,3,4,3,3,5,4,4,5,5,3,6,7 (threw win at ply 12)
41810a08082 5 2
41820608082 3 3
42810608082 3 0
c0810610082 6 1
42030604082 6 2
82810604082 3 1
4083020808c 3 2
4103020408c 2 2
41830404084 4 0
40830228082 5 2
40850218082 5 0
41850208082 4 0
c1030208082 2 0
408d0404082 2 2
43030204102 3 2
43030208082 3 2
c2030204082 6 0
82830204082 6 1
180830204102 4 1
180830208082 5 2
180830404082 2 0
180850204082 5 0
4181020808c 4 2
8181020408c 6 3
43810210082 4 2
c1820208082 3 1
42810c04082 4 3
c1820404082 6 2
418a0204082 6 2
141820204082 5 2
40850404081 5 0   # learned from 4,5,5,4,3,3,2,2,4,1,1,5 (threw draw at ply 4)
40850c08081 5 2   # learned from 4,5,5,4,3,3,2,2,4,1,1,5 (threw win at ply 6)
40850c18101 1 0   # learned from 4,5,5,4,3,3,2,2,4,1,1,5 (threw draw at ply 8)
44810204182 2 0
4481020c082 3 0
46810208082 2 1
86810204082 3 3
103810204082 6 4
c082020408c 1 0
c101020408c 6 0
1c0810204104 4 0
c0810204502 2 1
c0820204302 4 2
1c0820204102 5 0
2c0810204102 4 2
c0810228082 4 0
c5010204082 6 1
241810204082 4 2
340810204102 2 1
340820204082 5 2
341010204082 6 0
540810204082 4 2
4081020420d 2 2
4081040410d 4 0
8081020410d 6 0
41010204305 5 2
4081020c109 1 0
4101020c105 3 1
41810208105 3 1
c1010204105 6 2
140810204105 2 2
40810208207 1 0
4101020c203 2 0
8081020c203 2 0
40830208203 2 0
40850204203 5 0
41010208107 1 0
40810228103 3 0
40820608103 4 3
42810208103 3 0
c1010208103 2 0
140810208103 2 0
41010404107 5 0
41010404303 7 0
40850404103 2 0
140810404103 2 0
41020204107 4 0
40820204503 3 0
40840204303 4 0
8082020c103 6 0
40840604103 2 0
40860204105 2 0
81820204103 6 0
c1020204103 6 0
140820204103 2 0
41010204503 5 1
42010204303 5 2
43010208103 6 1
45010204103 5 2
141010204103 2 2
80810204503 2 1
80850204103 5 1
100830204103 2 2
82810204103 6 2
101810204103 2 2
180810204105 2 0
180810208103 4 1
280810204103 2 0
40810204903 5 0
40810208d01 4 2
40830208501 1 2
41810208501 5 0
42810204501 4 3
c0810208501 4 1
c0820204501 2 0
c1010204501 3 2
40810208b01 5 0
40810a08301 4 2
40850208301 2 2
